1|NI|900091143|2025-10-14|2025-10-17|67
2|1|1|52|UZPE011|52001|T01|MT01|LAS CUADRAS|CRA3021A32|-77.277583|1.220941||52UZPE01152001T01MT01EBS001H0001|52UZPE01152001T01MT01EBS001H0001F0001|3|1|1|3|52UZPE01152001T01MT01EBS001|5200101457|CC|98382500|AUXILIARDEENFERMERIA|52UZPE01152001T01MT01EBS001H0001F0001CF001|2025-07-13|1||1||3||1||3|2|11|5|2|2|20||2|13|0||1||1||1||1||1|3|3|1|1|1|1|2|2|2|2|2|2||2|2|1|1||6||1|2|2|1|1|1|2|2|1|52UZPE01152001T01MT01EBS001H000152UZPE01152001T01MT01EBS001H0001F0001
2|2|1|52|UZPE011|52001|T01|MT01|LAS CUADRAS|CALLE2128A15|-77.278999|1.219188||52UZPE01152001T01MT01EBS001H0002|52UZPE01152001T01MT01EBS001H0002F0002|3|1|1|2|52UZPE01152001T01MT01EBS001|5200101457|CC|1085283868|ENFERMERA|52UZPE01152001T01MT01EBS001H0002F0002CF002|2025-07-14|4||1||3||1||1|2|11|5|3|2|20||1|13|0||1||1||1||1||1|1|3|1|1|1|1|2|2|2|2|2|2||2|2|1|1||6||1|2|2|1|1|1|2|2|1|52UZPE01152001T01MT01EBS001H000252UZPE01152001T01MT01EBS001H0002F0002
2|3|1|52|UZPE011|52001|T01|MT01|LAS CUADRAS|CARRERA3019A02|-77.279853|1.219707||52UZPE01152001T01MT01EBS001H0003|52UZPE01152001T01MT01EBS001H0003F0003|3|1|1|1|52UZPE01152001T01MT01EBS001|5200101457|CC|98382500|AUXILIARDEENFERMERIA|52UZPE01152001T01MT01EBS001H0003F0003CF003|2025-07-14|1||1||4||1||3|2|11|4|2|2|7||2|13|0||1||1||1||1||7|1|1|1|1|1|1|2|2|2|2|2|2||2|2|1|1||6||1|2|2|1|1|1|2|2|1|52UZPE01152001T01MT01EBS001H000352UZPE01152001T01MT01EBS001H0003F0003
2|4|1|52|UZPE011|52001|T01|MT01|LAS CUADRAS|CARRE28A1704|-77.280571|1.217467||52UZPE01152001T01MT01EBS001H0004|52UZPE01152001T01MT01EBS001H0004F0004|3|1|1|5|52UZPE01152001T01MT01EBS001|5200101457|CC|1233191675|AUXILIARESDEENFERMERIA|52UZPE01152001T01MT01EBS001H0004F0004CF004|2025-07-15|1||1||3||1||4|2|11|2|2|1|7||2|13|0||1||1||1||1||2|9|3|1|1|1|1|2|2|2|2|2|2||2|2|1|1||6||1|2|2|1|2|1|2|2|1|52UZPE01152001T01MT01EBS001H000452UZPE01152001T01MT01EBS001H0004F0004
2|5|1|52|UZPE011|52001|T01|MT01|LAS CUADRAS|CALLE182931|-77.280361|1.218574||52UZPE01152001T01MT01EBS001H0005|52UZPE01152001T01MT01EBS001H0005F0005|3|1|1|2|52UZPE01152001T01MT01EBS001|5200101457|CC|30722194|GESTORCOMUNITARIO|52UZPE01152001T01MT01EBS001H0005F0005CF005|2025-07-15|1||1||3||1||2|2|11|5|3|2|20||2|13|0||1||1||1||1||1|2|3|1|1|1|1|2|2|2|2|2|2||2|2|1|1||6||1|2|2|1|2|1|2|2|1|52UZPE01152001T01MT01EBS001H000552UZPE01152001T01MT01EBS001H0005F0005
2|6|1|52|UZPE011|52001|T01|MT01|LAS CUADRAS|CALLE18NO2937|-77.280431|1.218703||52UZPE01152001T01MT01EBS001H0006|52UZPE01152001T01MT01EBS001H0006F0006|3|1|1|1|52UZPE01152001T01MT01EBS001|5200101457|CC|30722194|GESTORCOMUNITARIO|52UZPE01152001T01MT01EBS001H0006F0006CF006|2025-07-15|4||1||4||2||1|2|11|5|2|2|20||2|13|0||1||1||1||1||7|1|3|1|1|1|1|2|2|2|2|2|2||2|2|1|2||6||1|2|2|1|1|1|2|2|1|52UZPE01152001T01MT01EBS001H000652UZPE01152001T01MT01EBS001H0006F0006
2|7|1|52|UZPE011|52001|T01|MT01|LAS CUADRAS|2816|-77.279652|1.218771||52UZPE01152001T01MT01EBS001H0007|52UZPE01152001T01MT01EBS001H0007F0007|3|1|1|3|52UZPE01152001T01MT01EBS001|5200101457|CC|98382500|AUXILIARDEENFERMERIA|52UZPE01152001T01MT01EBS001H0007F0007CF007|2025-07-16|4||1||3||1||2|2|11|5|3|2|20||2|13|0||1||1||1||1||1|3|3|1|1|1|1|2|2|2|2|2|2||2|2|1|1||6||1|2|2|1|2|1|2|2|1|52UZPE01152001T01MT01EBS001H000752UZPE01152001T01MT01EBS001H0007F0007
2|8|1|52|UZPE011|52001|T01|MT01|LAS CUADRAS|1861|-77.279704|1.217706||52UZPE01152001T01MT01EBS001H0008|52UZPE01152001T01MT01EBS001H0008F0008|3|1|1|2|52UZPE01152001T01MT01EBS001|5200101457|CC|1085283868|ENFERMERA|52UZPE01152001T01MT01EBS001H0008F0008CF008|2025-07-16|4||1||4||1||2|2|11|5|3|2|20||1|13|0||1||1||1||1||1|2|1|1|1|1|1|2|2|2|2|2|2||2|2|1|1||6||1|2|2|1|2|1|2|2|1|52UZPE01152001T01MT01EBS001H000852UZPE01152001T01MT01EBS001H0008F0008
2|9|1|52|UZPE011|52001|T01|MT01|LAS CUADRAS|K291754|-77.280803|1.217575||52UZPE01152001T01MT01EBS001H0009|52UZPE01152001T01MT01EBS001H0009F0009|2|1|1|3|52UZPE01152001T01MT01EBS001|5200101457|CC|30722194|GESTORCOMUNITARIO|52UZPE01152001T01MT01EBS001H0009F0009CF009|2025-07-12|1||1||3||1||3|2|11|5|2|2|20||2|13|0||1||1||1||1||4|3|3|1|1|1|1|2|2|2|2|2|2||2|2|2|2||6||2|2|2|1|2|1|2|2|1|52UZPE01152001T01MT01EBS001H000952UZPE01152001T01MT01EBS001H0009F0009
2|10|1|52|UZPE011|52001|T01|MT01|LAS CUADRAS|CALLE21NR31C114|-77.279059|1.222818||52UZPE01152001T01MT01EBS001H0010|52UZPE01152001T01MT01EBS001H0010F0010|1|1|1|2|52UZPE01152001T01MT01EBS001|5200101457|CC|59837608|ENFERMERA|52UZPE01152001T01MT01EBS001H0010F0010CF010|2025-10-01|1||1||4||4||1|2|5|4|1|1|8||2|13|0||1||1||1||1||1|2|1|3|1|3|3|2|2|2|2|2|2||2|2|1|1||6||1|2|2|1|2|1|2|2|1|52UZPE01152001T01MT01EBS001H001052UZPE01152001T01MT01EBS001H0010F0010
2|11|1|52|UZPE011|52001|T01|MT01|LAS CUADRAS|31A21A2|-77.277968|1.221002||52UZPE01152001T01MT01EBS001H0011|52UZPE01152001T01MT01EBS001H0011F0011|1|1|1|2|52UZPE01152001T01MT01EBS001|5200101457|CC|1089458776|AUXILIARDEENFERMERIA|52UZPE01152001T01MT01EBS001H0011F0011CF011|2025-10-01|4||1||3||1||1|2|11|2|2|2|20||2|13|0||1||1||1||1||1|2|2|1|1|1|2|2|2|2|2|2|2||2|2|1|2||6||1|2|2|1|1|1|2|2|1|52UZPE01152001T01MT01EBS001H001152UZPE01152001T01MT01EBS001H0011F0011
2|12|1|52|UZPE011|52001|T01|MT01|LAS CUADRAS|31A21A2|-77.277968|1.221002||52UZPE01152001T01MT01EBS001H0012|52UZPE01152001T01MT01EBS001H0012F0012|1|1|1|2|52UZPE01152001T01MT01EBS001|5200101457|CC|1089458776|AUXILIARDEENFERMERIA|52UZPE01152001T01MT01EBS001H0012F0012CF012|2025-10-01|4||1||3||1||1|2|11|2|2|2|20||2|13|0||1||1||1||1||1|2|3|1|1|1|3|2|2|2|2|2|2||2|2|1|2||6||1|2|2|1|1|1|2|2|1|52UZPE01152001T01MT01EBS001H001252UZPE01152001T01MT01EBS001H0012F0012
2|13|1|52|UZPE011|52001|T01|MT01|LAS CUADRAS|CARRERA31N|-77.278069|1.221356||52UZPE01152001T01MT01EBS001H0013|52UZPE01152001T01MT01EBS001H0013F0013|1|1|1|3|52UZPE01152001T01MT01EBS001|5200101457|CC|36953590|AUXILIARDEENFERMERIA|52UZPE01152001T01MT01EBS001H0013F0013CF013|2025-10-01|1||1||3||8||2|2|11|2|1|1|8||1|13|0||1||1||1||1||1|3|3|3|1|1|1|2|2|2|2|2|2||2|2|1|1||6||1|2|2|1|1|1|2|2|1|52UZPE01152001T01MT01EBS001H001352UZPE01152001T01MT01EBS001H0013F0013
2|14|1|52|UZPE011|52001|T01|MT01|LAS CUADRAS|CARRERA31N|-77.278069|1.221356||52UZPE01152001T01MT01EBS001H0014|52UZPE01152001T01MT01EBS001H0014F0014|1|1|1|3|52UZPE01152001T01MT01EBS001|5200101457|CC|36953590|AUXILIARDEENFERMERIA|52UZPE01152001T01MT01EBS001H0014F0014CF014|2025-10-01|1||1||3||8||2|2|11|2|1|1|8||1|13|0||1||1||1||1||1|3|2|3|1|1|3|2|2|2|2|2|2||2|2|1|1||6||1|2|2|1|1|1|2|2|1|52UZPE01152001T01MT01EBS001H001452UZPE01152001T01MT01EBS001H0014F0014
2|15|1|52|UZPE011|52001|T01|MT01|LAS CUADRAS|KRA3121A16|-77.278149|1.221516||52UZPE01152001T01MT01EBS001H0015|52UZPE01152001T01MT01EBS001H0015F0015|1|1|1|1|52UZPE01152001T01MT01EBS001|5200101457|CC|36953590|AUXILIARDEENFERMERIA|52UZPE01152001T01MT01EBS001H0015F0015CF015|2025-10-01|1||1||3||1||1|2|8|5|2|1|10||2|13|0||1||1||1||1||7|1|3|3|1|1|1|2|2|2|2|2|2||2|2|1|1||6||1|2|2|1|2|1|2|2|1|52UZPE01152001T01MT01EBS001H001552UZPE01152001T01MT01EBS001H0015F0015
2|16|1|52|UZPE011|52001|T01|MT01|LAS CUADRAS|KRA31C21A09|-77.279089|1.222796||52UZPE01152001T01MT01EBS001H0016|52UZPE01152001T01MT01EBS001H0016F0016|1|1|1|4|52UZPE01152001T01MT01EBS001|5200101457|CC|36953590|AUXILIARDEENFERMERIA|52UZPE01152001T01MT01EBS001H0016F0016CF016|2025-10-01|1||1||3||1||2|2|11|4|2|1|8||2|13|0||1||1||1||1||4|4|3|3|1|1|2|2|2|2|2|2|2||2|2|1|2||6||1|2|2|1|1|1|2|2|1|52UZPE01152001T01MT01EBS001H001652UZPE01152001T01MT01EBS001H0016F0016
2|17|1|52|UZPE011|52001|T01|MT01|LAS CUADRAS|CRA3121A29LASCUADRAS|-77.278148|1.221563||52UZPE01152001T01MT01EBS001H0017|52UZPE01152001T01MT01EBS001H0017F0017|1|1|1|1|52UZPE01152001T01MT01EBS001|5200101457|CC|1089458776|AUXILIARDEENFERMERIA|52UZPE01152001T01MT01EBS001H0017F0017CF017|2025-10-01|4||1||3||1||1|2|11|5|2|2|20||2|13|0||1||1||1||1||7|1|3|2|1|1|1|2|2|2|2|2|2||2|2|1|2||6||1|2|2|1|2|1|2|2|1|52UZPE01152001T01MT01EBS001H001752UZPE01152001T01MT01EBS001H0017F0017
2|18|1|52|UZPE011|52001|T01|MT01|LAS CUADRAS|CARRERA31NRO21A30|-77.277678|1.220864||52UZPE01152001T01MT01EBS001H0018|52UZPE01152001T01MT01EBS001H0018F0018|1|1|1|1|52UZPE01152001T01MT01EBS001|5200101457|CC|59837608|ENFERMERA|52UZPE01152001T01MT01EBS001H0018F0018CF018|2025-10-01|1||2||4||2||1|2|5|4|2|2|19||2|13|0||1||1||1||1||7|1|3|3|1|1|1|2|2|2|2|2|2||2|2|1|1||6||1|2|2|1|1|1|2|2|1|52UZPE01152001T01MT01EBS001H001852UZPE01152001T01MT01EBS001H0018F0018
2|19|1|52|UZPE011|52001|T01|MT01|LAS CUADRAS|KRA3121A17|-77.279747|1.222685||52UZPE01152001T01MT01EBS001H0019|52UZPE01152001T01MT01EBS001H0019F0019|1|1|1|4|52UZPE01152001T01MT01EBS001|5200101457|CC|36953590|AUXILIARDEENFERMERIA|52UZPE01152001T01MT01EBS001H0019F0019CF019|2025-10-01|4||1||3||1||3|2|11|5|2|1|8||2|13|0||1||1||1||1||2|4|3|2|1|1|1|2|2|2|2|2|2||2|2|1|1||6||1|2|2|1|2|1|2|2|1|52UZPE01152001T01MT01EBS001H001952UZPE01152001T01MT01EBS001H0019F0019
2|20|1|52|UZPE011|52001|T01|MT01|LAS CUADRAS|KRA3121A17|-77.279747|1.222685||52UZPE01152001T01MT01EBS001H0020|52UZPE01152001T01MT01EBS001H0020F0020|1|1|1|4|52UZPE01152001T01MT01EBS001|5200101457|CC|36953590|AUXILIARDEENFERMERIA|52UZPE01152001T01MT01EBS001H0020F0020CF020|2025-10-01|4||1||3||1||3|2|11|5|2|1|8||2|13|0||1||1||1||1||2|4|3|2|1|1|1|2|2|2|2|2|2||2|2|1|1||6||1|2|2|1|1|1|2|2|1|52UZPE01152001T01MT01EBS001H002052UZPE01152001T01MT01EBS001H0020F0020
2|21|1|52|UZPE011|52001|T01|MT01|LAS CUADRAS|CALLE2141C62|-77.279355|1.22263||52UZPE01152001T01MT01EBS001H0021|52UZPE01152001T01MT01EBS001H0021F0021|3|1|1|3|52UZPE01152001T01MT01EBS001|5200101457|CC|36953590|AUXILIARDEENFERMERIA|52UZPE01152001T01MT01EBS001H0021F0021CF021|2025-10-02|1||1||3||8||3|2|11|5|2|2|20||2|13|0||1||1||1||1||1|3|3|2|1|1|1|2|2|2|2|2|2||2|2|1|1||6||1|2|2|1|1|1|2|2|1|52UZPE01152001T01MT01EBS001H002152UZPE01152001T01MT01EBS001H0021F0021
2|22|1|52|UZPE011|52001|T01|MT01|LAS CUADRAS|CRA3121A2A21|-77.277886|1.2211516||52UZPE01152001T01MT01EBS001H0022|52UZPE01152001T01MT01EBS001H0022F0022|1|1|1|1|52UZPE01152001T01MT01EBS001|5200101457|CC|59837608|ENFERMERA|52UZPE01152001T01MT01EBS001H0022F0022CF022|2025-10-02|1||1||4||4||1|2|10|4|2|1|10||2|13|0||1||1||1||1||7|1|1|3|1|1|3|2|2|2|2|2|2||2|2|1|1||6||1|2|2|1|2|1|2|2|1|52UZPE01152001T01MT01EBS001H002252UZPE01152001T01MT01EBS001H0022F0022
2|23|1|52|UZPE011|52001|T01|MT01|LAS CUADRAS|CARRERA31NO21A30|-77.277543|1.221511||52UZPE01152001T01MT01EBS001H0023|52UZPE01152001T01MT01EBS001H0023F0023|1|1|1|2|52UZPE01152001T01MT01EBS001|5200101457|CC|36953590|AUXILIARDEENFERMERIA|52UZPE01152001T01MT01EBS001H0023F0023CF023|2025-10-02|4||1||3||4||1|2|11|5|2|1|5||2|13|0||1||1||1||1||1|2|3|2|1|1|4|2|2|2|2|2|2||2|2|1|2||6||1|2|2|1|1|1|2|2|1|52UZPE01152001T01MT01EBS001H002352UZPE01152001T01MT01EBS001H0023F0023
2|24|1|52|UZPE011|52001|T01|MT01|LAS CUADRAS|CALLE21NO2954|-77.279435|1.222773||52UZPE01152001T01MT01EBS001H0025|52UZPE01152001T01MT01EBS001H0025F0025|2|1|1|2|52UZPE01152001T01MT01EBS001|5200101457|CC|36953590|AUXILIARDEENFERMERIA|52UZPE01152001T01MT01EBS001H0025F0025CF025|2025-10-02|1||1||3||1||1|2|11|5|2|2|5||1|13|0||1||1||1||1||1|2|2|3|1|1|2|2|2|2|2|2|2||2|2|1|2||6||1|2|2|1|1|1|2|2|1|52UZPE01152001T01MT01EBS001H002552UZPE01152001T01MT01EBS001H0025F0025
2|25|1|52|UZPE011|52001|T01|MT01|LAS CUADRAS|CRA31C21A09|-77.277632|1.220141||52UZPE01152001T01MT01EBS001H0026|52UZPE01152001T01MT01EBS001H0026F0026|3|1|1|4|52UZPE01152001T01MT01EBS001|5200101457|CC|1089458776|AUXILIARDEENFERMERIA|52UZPE01152001T01MT01EBS001H0026F0026CF026|2025-10-03|1||1||3||4||4|2|11|1|2|2|20||2|13|0||1||1||1||1||1|4|3|1|1|1|1|2|2|2|2|2|2||2|2|1|2||6||1|2|2|1|1|1|2|2|1|52UZPE01152001T01MT01EBS001H002652UZPE01152001T01MT01EBS001H0026F0026
2|26|1|52|UZPE011|52001|T01|MT01|LAS CUADRAS|CALLE21A2631|-77.277542|1.220146||52UZPE01152001T01MT01EBS001H0027|52UZPE01152001T01MT01EBS001H0027F0027|3|1|1|1|52UZPE01152001T01MT01EBS001|5200101457|CC|36953590|AUXILIARDEENFERMERIA|52UZPE01152001T01MT01EBS001H0027F0027CF027|2025-10-03|1||1||3||1||1|2|11|5|2|1|8||1|13|0||1||1||1||1||7|1|2|2|1|1|2|2|2|2|2|2|2||2|2|1|1||6||1|2|2|1|1|1|2|2|1|52UZPE01152001T01MT01EBS001H002752UZPE01152001T01MT01EBS001H0027F0027
2|27|1|52|UZPE011|52001|T01|MT01|LAS CUADRAS|CRA31A2173|-77.278502|1.2215448||52UZPE01152001T01MT01EBS001H0028|52UZPE01152001T01MT01EBS001H0028F0028|1|1|1|3|52UZPE01152001T01MT01EBS001|5200101457|CC|1089458776|AUXILIARDEENFERMERIA|52UZPE01152001T01MT01EBS001H0028F0028CF028|2025-10-06|1||1||3||4||2|2|11|2|2|2|20||2|13|0||1||1||1||1||1|3|3|1|1|1|1|2|2|2|2|2|2||2|2|1|1||6||1|2|2|1|2|1|2|2|1|52UZPE01152001T01MT01EBS001H002852UZPE01152001T01MT01EBS001H0028F0028
2|28|1|52|UZPE011|52001|T01|MT01|LAS CUADRAS|CRA31A2175|-77.278502|1.221548||52UZPE01152001T01MT01EBS001H0029|52UZPE01152001T01MT01EBS001H0029F0029|1|1|1|2|52UZPE01152001T01MT01EBS001|5200101457|CC|1089458776|AUXILIARDEENFERMERIA|52UZPE01152001T01MT01EBS001H0029F0029CF029|2025-10-06|1||1||3||4||2|2|11|2|2|2|20||2|13|0||1||1||1||1||1|2|3|1|1|1|1|2|2|2|2|2|2||2|2|1|1||6||1|2|2|1|1|1|2|2|1|52UZPE01152001T01MT01EBS001H002952UZPE01152001T01MT01EBS001H0029F0029
3|29|MRIAN|YOLANDA|DIAZ|ESPERANZA|CC|59813920|1970-05-15|2|2|3|5169|3|2||7|07|||8|52.0|172|||2||||||||||||52UZPE01152001T01MT01EBS001H000152UZPE01152001T01MT01EBS001H0001F0001|52UZPE01152001T01MT01EBS001H000152UZPE01152001T01MT01EBS001H0001F0001CC59813920
3|30|SEGUNDO|FINEL|LEMA|DIAZ|CC|102972|1935-06-30|1|2|5|9999|2|1||3|07|||8|70.0|170|||2||||||||||||52UZPE01152001T01MT01EBS001H000152UZPE01152001T01MT01EBS001H0001F0001|52UZPE01152001T01MT01EBS001H000152UZPE01152001T01MT01EBS001H0001F0001CC102972
3|31|YOLANDA|ANGELINA|PAZ|ESPARZA|CC|177146|1941-02-05|2|2|5|9998|3|1||3|07|||2|55.0|155|||2||||||||||||52UZPE01152001T01MT01EBS001H000152UZPE01152001T01MT01EBS001H0001F0001|52UZPE01152001T01MT01EBS001H000152UZPE01152001T01MT01EBS001H0001F0001CC177146
3|32|MANUEL|JESUS|YARPAZ|COLIMBA|CC|12981110|1963-12-01|1|2|1|9510|2|1||3|07|||8|75.0|160|||2||||||||||||52UZPE01152001T01MT01EBS001H000252UZPE01152001T01MT01EBS001H0002F0002|52UZPE01152001T01MT01EBS001H000252UZPE01152001T01MT01EBS001H0002F0002CC12981110
3|33|ARELIS|DELCARMEN|MOLINA|SANCHES|CC|5893757|1974-03-03|2|2|2|5169|2|1||7|07|||8|63.0|145|||2||||||||||||52UZPE01152001T01MT01EBS001H000252UZPE01152001T01MT01EBS001H0002F0002|52UZPE01152001T01MT01EBS001H000252UZPE01152001T01MT01EBS001H0002F0002CC5893757
3|34|CLAUDIA|ALEXANDRA|DELGADO|ARTURO|CC|59828857|1973-12-28|2|2|6|9998|2|1||4|07|||1|44.0|154|||2||||||||||||52UZPE01152001T01MT01EBS001H000352UZPE01152001T01MT01EBS001H0003F0003|52UZPE01152001T01MT01EBS001H000352UZPE01152001T01MT01EBS001H0003F0003CC59828857
3|35|JOSEFINA|VICTORIA|VIVANCO|CARDENAS|CC|30709362|1964-03-20|2|2|4|9998|9|2||3|07|||8|72.0|165|||2||||||||||||52UZPE01152001T01MT01EBS001H000552UZPE01152001T01MT01EBS001H0005F0005|52UZPE01152001T01MT01EBS001H000552UZPE01152001T01MT01EBS001H0005F0005CC30709362
3|36|MANUEL|IGNACIO|VIVANCO|CARDENAS|CC|5199447|1943-06-29|1|2|4|9999|3|2||3|07|||8|70.0|170|||2||||||||||||52UZPE01152001T01MT01EBS001H000552UZPE01152001T01MT01EBS001H0005F0005|52UZPE01152001T01MT01EBS001H000552UZPE01152001T01MT01EBS001H0005F0005CC5199447
3|37|MERCEDES|DELCARMEN|VIVANCO|DEZARAMA|CC|27069241|1941-07-16|2|2|5|9998|3|2||3|07|||8|75.0|170|||2||||||||||||52UZPE01152001T01MT01EBS001H000652UZPE01152001T01MT01EBS001H0006F0006|52UZPE01152001T01MT01EBS001H000652UZPE01152001T01MT01EBS001H0006F0006CC27069241
3|38|ELIZABETH|DORIS|BENAVIDES|TORRES|CC|1085284160|1990-10-02|2|2|2|9999|8|2||7|07|||8|68.0|150|||2||||||||||||52UZPE01152001T01MT01EBS001H000752UZPE01152001T01MT01EBS001H0007F0007|52UZPE01152001T01MT01EBS001H000752UZPE01152001T01MT01EBS001H0007F0007CC1085284160
3|39|GERARDO|DAVID|ARGOTY|MOSCOSO|CC|87066353|1984-09-27|1|2|2|9510|9|2||7|07|||8|60.0|164|||2||||||||||||52UZPE01152001T01MT01EBS001H000752UZPE01152001T01MT01EBS001H0007F0007|52UZPE01152001T01MT01EBS001H000752UZPE01152001T01MT01EBS001H0007F0007CC87066353
3|40|ALBA|MERCEDES|ERASO|DEORDONEZ|CC|30717786|1957-10-16|2|2|2|5169|3|2||3|07|||8|58.0|162|||2||||||||||||52UZPE01152001T01MT01EBS001H000852UZPE01152001T01MT01EBS001H0008F0008|52UZPE01152001T01MT01EBS001H000852UZPE01152001T01MT01EBS001H0008F0008CC30717786
3|41|CARLOS|OMAR|ORDONEZ|MARTINEZ|CC|12963128|1956-10-15|1|2|2|5169|2|2||3|07|||1|48.0|170|||2||||||||||||52UZPE01152001T01MT01EBS001H000852UZPE01152001T01MT01EBS001H0008F0008|52UZPE01152001T01MT01EBS001H000852UZPE01152001T01MT01EBS001H0008F0008CC12963128
3|42|SARITA|ALEJANDRA|VELASQUEZ|SANCHES|CC|1080048171|2005-12-04|2|2|3|9998|3|1||7|07|||8|65.0|157|||2||||||||||||52UZPE01152001T01MT01EBS001H000952UZPE01152001T01MT01EBS001H0009F0009|52UZPE01152001T01MT01EBS001H000952UZPE01152001T01MT01EBS001H0009F0009CC1080048171
3|43|HERMINGEN|NOTIENE|DELGADO|DEBURBANO|CC|30702210|1948-05-02|2|2|2|9998|1|1||3|07|||8|67.0|148|||2||||||||||||52UZPE01152001T01MT01EBS001H001052UZPE01152001T01MT01EBS001H0010F0010|52UZPE01152001T01MT01EBS001H001052UZPE01152001T01MT01EBS001H0010F0010CC30702210
3|44|JULIO|CESAR|BURBANO|RODRIGUEZ|CC|4609492|1941-11-15|1|2|2|9998|1|1||3|07|||8|65.0|165|||2||||||||||||52UZPE01152001T01MT01EBS001H001052UZPE01152001T01MT01EBS001H0010F0010|52UZPE01152001T01MT01EBS001H001052UZPE01152001T01MT01EBS001H0010F0010CC4609492
3|45|KARLETH|JOSEFINA|ARIZA|JIMENEZ|CC|2000014945|1986-10-10|2|2|2|9998|4|1||7|07|||8|67.0|157|||2||||||||||||52UZPE01152001T01MT01EBS001H001152UZPE01152001T01MT01EBS001H0011F0011|52UZPE01152001T01MT01EBS001H001152UZPE01152001T01MT01EBS001H0011F0011CC2000014945
3|46|MERCEDESDELPILAR|NINGUNO|MUNOZ|DEROSERO|CC|30725090|1960-12-23|2|2|6|9998|2|1||3|07|||1|84.0|169|||2||||||||||||52UZPE01152001T01MT01EBS001H001552UZPE01152001T01MT01EBS001H0015F0015|52UZPE01152001T01MT01EBS001H001552UZPE01152001T01MT01EBS001H0015F0015CC30725090
3|47|SUSANA|DOLORES|DAVID|MIDEROS|CC|59820165|1973-03-02|2|2|1|9998|1|1||4|07|||3|72.0|164|||2||||||||||||52UZPE01152001T01MT01EBS001H001352UZPE01152001T01MT01EBS001H0013F0013|52UZPE01152001T01MT01EBS001H001352UZPE01152001T01MT01EBS001H0013F0013CC59820165
3|48|JAIRO|RICARDO|OBANDO|ENRIQUEZ|CC|98379821|1971-08-13|1|2|2|9998|2|1||7|07|||8|75.0|165|||2||||||||||||52UZPE01152001T01MT01EBS001H001352UZPE01152001T01MT01EBS001H0013F0013|52UZPE01152001T01MT01EBS001H001352UZPE01152001T01MT01EBS001H0013F0013CC98379821
3|49|DIEGO|FERNANDO|BASTIDAS|DAVID|CC|1233193466|1999-05-09|1|2|3|9998|5|1||7|07|||8|68.0|160|||2||||||||||||52UZPE01152001T01MT01EBS001H001352UZPE01152001T01MT01EBS001H0013F0013|52UZPE01152001T01MT01EBS001H001352UZPE01152001T01MT01EBS001H0013F0013CC1233193466
3|50|DANIELA|FERNANDA|SANTACRUZ|CERON|CC|1085335998|1997-07-29|2|2|5|9622|3|1||7|07|||8|58.0|154|||2||||||||||||52UZPE01152001T01MT01EBS001H001652UZPE01152001T01MT01EBS001H0016F0016|52UZPE01152001T01MT01EBS001H001652UZPE01152001T01MT01EBS001H0016F0016CC1085335998
3|51|NANCY|LILIANA|BURBANO|DELGADO|CC|59815180|1969-10-21|2|2|5|9510|3|1||6|07|||8|65.0|152|||2||||||||||||52UZPE01152001T01MT01EBS001H001852UZPE01152001T01MT01EBS001H0018F0018|52UZPE01152001T01MT01EBS001H001852UZPE01152001T01MT01EBS001H0018F0018CC59815180
3|52|ERIC|CARMENZA|DAVID|MIDEROS|CC|59820103|1967-04-10|2|2|2|9998|3|1||7|07|||8|61.0|158|||2||||||||||||52UZPE01152001T01MT01EBS001H001952UZPE01152001T01MT01EBS001H0019F0019|52UZPE01152001T01MT01EBS001H001952UZPE01152001T01MT01EBS001H0019F0019CC59820103
3|53|FRANCISCO|HERNANDO|DAVID|MIDEROS|CC|5201689|1945-10-04|1|2|6|9998|2|1||3|07|||8|74.0|167|||2||||||||||||52UZPE01152001T01MT01EBS001H001952UZPE01152001T01MT01EBS001H0019F0019|52UZPE01152001T01MT01EBS001H001952UZPE01152001T01MT01EBS001H0019F0019CC5201689
3|54|MIRIAM|PATRICIA|HUERTAS|CORDOBA|CC|30724620|1960-06-29|2|2|2|9998|3|1||3|07|||8|50.0|153|||2||||||||||||52UZPE01152001T01MT01EBS001H002152UZPE01152001T01MT01EBS001H0021F0021|52UZPE01152001T01MT01EBS001H002152UZPE01152001T01MT01EBS001H0021F0021CC30724620
3|55|CESAR|AGUSTO|MAYA|GUERRERO|CC|12978533|1962-12-07|1|2|2|9622|3|1||3|07|||8|68.0|187|||2||||||||||||52UZPE01152001T01MT01EBS001H002152UZPE01152001T01MT01EBS001H0021F0021|52UZPE01152001T01MT01EBS001H002152UZPE01152001T01MT01EBS001H0021F0021CC12978533
3|56|MARIA|TERESA|TERAN|NOTIENE|CC|59832861|1952-06-27|2|2|5|9510|1|1||3|07|||1|41.0|140|||2||||||||||||52UZPE01152001T01MT01EBS001H002252UZPE01152001T01MT01EBS001H0022F0022|52UZPE01152001T01MT01EBS001H002252UZPE01152001T01MT01EBS001H0022F0022CC59832861
3|57|ANGELA|CAMILA|BURBANO|DELGADO|CC|1080070416|1999-07-09|2|2|2|9998|7|1||7|07|||8|53.0|158|||2||||||||||||52UZPE01152001T01MT01EBS001H002352UZPE01152001T01MT01EBS001H0023F0023|52UZPE01152001T01MT01EBS001H002352UZPE01152001T01MT01EBS001H0023F0023CC1080070416
3|58|ANA|LUCIA|RIVERA|MARTINEZ|CC|30745531|1969-03-28|2|2|2|9998|3|1||7|07|||8|61.0|158|||2||||||||||||52UZPE01152001T01MT01EBS001H002552UZPE01152001T01MT01EBS001H0025F0025|52UZPE01152001T01MT01EBS001H002552UZPE01152001T01MT01EBS001H0025F0025CC30745531
3|59|ANA|LUCIA|RIVERA|MARTINEZ|CC|30745561|1969-03-28|2|2|2|9998|3|1||7|07|||8|53.0|157|||2||||||||||||52UZPE01152001T01MT01EBS001H002552UZPE01152001T01MT01EBS001H0025F0025|52UZPE01152001T01MT01EBS001H002552UZPE01152001T01MT01EBS001H0025F0025CC30745561
3|60|CARLOS|GUSTAVO|MARTINEZ|JACOME|CC|12955141|1940-07-22|1|2|2|9510|2|1||3|07|||8|63.0|167|||2||||||||||||52UZPE01152001T01MT01EBS001H002552UZPE01152001T01MT01EBS001H0025F0025|52UZPE01152001T01MT01EBS001H002552UZPE01152001T01MT01EBS001H0025F0025CC12955141
3|61|IRMA|ALEJANDRA|CERON|LASSO|CC|30745320|1968-04-21|2|2|1|9998|3|1||7|07|||8|72.0|154|||2||||||||||||52UZPE01152001T01MT01EBS001H002652UZPE01152001T01MT01EBS001H0026F0026|52UZPE01152001T01MT01EBS001H002652UZPE01152001T01MT01EBS001H0026F0026CC30745320
3|62|ANA|MARIA|SANTACRUS|CERON|CC|1004192407|2003-03-26|2|2|3|9998|5|1||7|07|||8|52.0|153|||2||||||||||||52UZPE01152001T01MT01EBS001H002652UZPE01152001T01MT01EBS001H0026F0026|52UZPE01152001T01MT01EBS001H002652UZPE01152001T01MT01EBS001H0026F0026CC1004192407
3|63|JUAN|FELIPE|SANTACRUS|CERON|CC|1140264065|2006-03-21|1|2|3|9998|5|1||7|07|||8|60.0|160|||2||||||||||||52UZPE01152001T01MT01EBS001H002652UZPE01152001T01MT01EBS001H0026F0026|52UZPE01152001T01MT01EBS001H002652UZPE01152001T01MT01EBS001H0026F0026CC1140264065
3|64|FRANSISCO|JAVIER|SANTACRUS|CERON|CC|1140264240|2007-09-09|1|2|3|9998|5|1||7|07|||8|60.0|161|||2||||||||||||52UZPE01152001T01MT01EBS001H002652UZPE01152001T01MT01EBS001H0026F0026|52UZPE01152001T01MT01EBS001H002652UZPE01152001T01MT01EBS001H0026F0026CC1140264240
3|65|LIGIA|SABINA|CASTRO|ORDONEZ|CC|30716315|1948-07-14|2|2|6|9998|2|1||3|07|||8|54.0|158|||2||||||||||||52UZPE01152001T01MT01EBS001H002752UZPE01152001T01MT01EBS001H0027F0027|52UZPE01152001T01MT01EBS001H002752UZPE01152001T01MT01EBS001H0027F0027CC30716315
3|66|LICETH|KATHERINE|BASTIDAS|DAVID|CC|1007816134|2001-10-04|2|2|1|9998|3|1||7|07|||8|50.0|150|||2||||||||||||52UZPE01152001T01MT01EBS001H002952UZPE01152001T01MT01EBS001H0029F0029|52UZPE01152001T01MT01EBS001H002952UZPE01152001T01MT01EBS001H0029F0029CC1007816134
3|67|DARIO|FERNANDO|LUNA|YAQUENO|CC|1004191176|2002-05-25|1|2|2|5169|3|1||7|07|||8|60.0|164|||2||||||||||||52UZPE01152001T01MT01EBS001H002952UZPE01152001T01MT01EBS001H0029F0029|52UZPE01152001T01MT01EBS001H002952UZPE01152001T01MT01EBS001H0029F0029CC1004191176